1 283
1 35
2 229
2 289
3 239
3 64
3 167
3 217
3 249
4 112
5 291
6 94
6 129
7 150
7 80
8 42
9 158
10 216
10 132
10 183
10 31
10 219
11 53
11 259
11 99
12 137
13 98
15 181
15 252
15 106
15 8
15 131
16 30
16 277
16 82
16 1
16 213
18 23
18 290
18 301
19 75
20 151
21 147
21 257
21 114
21 23
23 27
24 258
27 232
28 198
28 23
28 129
28 137
29 327
29 194
29 214
30 326
30 180
30 241
31 290
31 323
32 194
32 248
32 140
33 153
33 191
33 71
33 158
35 190
35 160
36 127
36 271
36 321
36 164
36 161
37 159
38 17
38 179
38 328
39 105
39 204
39 193
40 199
41 182
41 152
41 59
41 202
42 84
42 59
42 12
43 273
43 36
45 1
45 210
45 205
46 66
47 52
47 133
49 81
50 191
50 70
52 115
52 43
53 175
53 54
53 135
54 152
55 181
55 274
57 16
58 125
59 283
59 231
60 6
61 58
61 168
61 124
64 82
64 319
64 219
66 58
66 62
66 217
67 129
67 108
69 19
70 52
70 132
70 97
71 186
72 23
73 294
74 234
74 2
74 116
75 5
76 196
76 115
76 58
76 108
76 193
77 87
77 233
77 238
77 13
78 127
78 41
78 101
78 202
78 144
79 204
79 304
80 250
81 204
82 28
83 299
84 216
84 300
85 182
85 190
85 193
86 117
86 218
86 195
86 172
87 137
89 176
89 228
91 179
91 316
92 186
93 34
93 128
94 216
95 252
95 262
95 107
96 69
96 215
97 266
97 187
98 22
98 92
98 306
98 32
98 79
98 137
99 106
99 33
100 266
101 184
101 91
101 180
102 252
102 111
103 180
103 50
103 77
104 120
104 209
104 193
105 300
106 77
107 24
107 62
108 270
108 90
108 86
109 128
110 298
111 174
112 143
114 264
115 293
115 42
115 219
116 54
116 230
117 49
117 161
118 91
119 248
119 101
120 4
121 277
121 189
121 39
123 122
123 145
123 204
124 249
124 205
125 66
126 118
126 291
127 117
127 256
127 162
127 112
127 172
128 120
128 308
128 160
129 275
130 50
131 196
131 276
131 169
131 279
132 252
132 212
132 103
132 98
133 47
133 186
133 222
133 226
133 217
133 197
135 5
135 84
136 250
137 282
137 54
137 113
138 144
138 193
139 225
139 325
139 172
139 102
140 256
140 315
141 110
141 296
142 200
142 1
143 239
143 307
143 37
147 52
147 248
147 99
149 198
149 6
149 223
149 171
149 61
149 175
149 138
150 243
150 191
150 320
150 79
150 80
151 21
151 314
152 255
153 150
155 281
155 157
155 267
155 220
158 241
158 205
159 179
159 52
159 240
160 16
160 219
161 9
161 37
161 278
162 40
163 78
164 218
166 69
166 71
167 166
167 55
167 2
167 248
168 48
169 40
169 299
169 229
169 42
169 219
169 33
170 247
171 76
171 55
171 134
172 70
172 300
172 27
173 95
174 72
174 170
174 61
174 36
175 114
175 286
175 285
175 85
176 281
176 187
176 207
176 263
176 12
176 272
177 122
177 274
177 75
178 285
179 240
181 55
181 52
182 192
182 162
182 144
182 129
182 171
182 38
183 236
183 212
183 223
184 122
185 87
185 290
185 9
186 112
186 220
187 24
187 21
190 23
190 130
191 286
191 292
191 106
191 44
193 138
193 74
194 155
197 131
197 90
198 201
198 52
199 182
199 47
199 142
201 188
201 267
201 244
202 120
202 15
204 243
204 51
204 172
205 190
206 256
209 261
209 179
210 93
211 61
211 113
211 73
211 299
212 121
212 132
213 191
213 288
214 179
214 209
214 201
214 42
214 160
214 184
214 101
214 272
216 168
217 227
217 92
217 292
217 111
218 108
219 284
220 167
220 135
222 177
223 24
223 177
223 324
224 180
224 162
225 181
225 113
226 170
227 113
227 140
227 111
228 285
228 313
229 2
230 76
230 322
230 122
230 239
231 303
232 225
232 233
232 12
233 243
233 305
233 90
234 88
236 312
236 224
237 61
237 163
238 164
238 234
239 143
240 302
240 74
241 118
241 220
241 99
241 160
243 227
243 172
244 253
246 114
246 149
247 35
247 317
248 70
248 199
248 274
248 37
249 171
249 45
250 280
251 244
252 105
252 229
253 127
253 235
253 114
253 201
256 58
256 206
256 180
257 55
257 219
258 175
258 133
259 297
259 222
260 40
260 70
261 281
261 209
261 10
261 59
261 119
262 177
262 123
263 11
263 104
263 152
263 85
263 9
264 284
264 233
265 251
265 187
268 118
268 311
268 247
268 60
268 109
270 89
271 1
271 108
272 139
272 291
272 143
273 33
274 248
274 85
274 37
275 100
275 164
275 226
275 220
276 7
276 318
276 128
278 260
278 90
279 14
282 287
282 238
282 241
282 37
284 270
284 264
285 178
285 171
285 43
286 191
286 148
287 247
287 82
289 139
289 30
289 83
289 217
290 91
290 126
291 18
292 278
293 3
293 84
293 310
294 46
294 91
294 309
294 121
295 290
295 223
295 37
296 136
297 67
297 290
297 161
299 173
300 191
300 36
0 141
0 96
144 55
283 137
255 40
255 41
255 15
255 79
266 163
266 234
266 188
266 20
62 49
51 79
242 183
242 272
22 42
22 217
267 248
277 293
277 295
113 236
113 249
207 273
207 44
207 237
207 222
122 208
145 256
208 30
208 123
208 144
196 246
90 117
90 122
90 59
200 114
200 55
200 57
281 166
281 87
281 185
281 29
180 268
180 118
180 300
